8.078041171060201364e+00
1.027479136443781371e+01
1.430238991257143688e+01
1.148126500200483591e+01
4.720901126195987452e+00
1.958468488395300300e+00
3.163744586171682194e+00
5.333231624601975085e+00
7.913912708538846985e+00
1.085432989098166701e+01
1.440819440297153875e+01
1.830336912265144633e+01
2.170513847257955220e+01
2.345577826881423533e+01
2.325400898509456127e+01
2.188122049900047017e+01
2.017356506961724705e+01
1.855557061950001696e+01
1.715630382765655071e+01
1.598242729265440509e+01
1.500388626322162189e+01
1.418778355412059611e+01
1.350019684808740372e+01
1.291539607843811233e+01
1.241546825968506873e+01
1.198334222225732582e+01
1.160681321297133373e+01
1.127651158408499654e+01
1.098524639519848023e+01
1.072598658659851445e+01
1.049472054196951198e+01
1.028698414178650289e+01
1.009977656382812761e+01
9.929754756003708493e+00
9.775344210682572310e+00
9.634507622884790123e+00
9.505177396159311343e+00
9.386550042345474409e+00
9.277152342650451189e+00
9.175994713679999748e+00
9.082446927313297280e+00
8.995459018994836242e+00
8.914704814610415085e+00
8.839145143746916844e+00
8.768795010523758648e+00
8.702950306443229422e+00
8.641114574207778176e+00
8.583135035920300027e+00
8.528573947349944007e+00
8.477263431551813611e+00
8.428770304316799411e+00
8.383032222002054112e+00
8.339911134067714116e+00
8.298955128484921673e+00
8.260244428488924484e+00
8.223502918757496616e+00
8.188626249265153589e+00
8.155515165399865651e+00
8.123988502174894322e+00
8.093998574296106696e+00
8.065461839274322031e+00
8.038237100824254355e+00
8.012274265330919576e+00
7.987509514145883394e+00
7.963837206168281391e+00
7.941205880595696875e+00
7.919572501305153445e+00
7.898874332559751466e+00
7.879044657705731147e+00
7.860068674653575727e+00
7.841870520962651803e+00
7.824415640932344651e+00
7.807702569912858159e+00
7.791644261863296173e+00
7.776223233612920893e+00
7.761418132039912265e+00
7.747204434534805451e+00
7.733540601923489355e+00
7.720393373207745213e+00
7.707757521429347669e+00
7.695611448751590977e+00
7.683941146547771162e+00
7.672681166696674104e+00
7.661834687719426107e+00
7.651408059383319582e+00
