7.470306127489215520e+00
9.977377004558990237e+00
1.418256775328214125e+01
1.029247462342832087e+01
4.257642747859094356e+00
1.766275681986192447e+00
2.813746535724435116e+00
4.864634034941913043e+00
7.293242431780391222e+00
1.027373365824858631e+01
1.375748143382367594e+01
1.749963933176050190e+01
2.046543604278566519e+01
2.156669742787300237e+01
2.088829740224856479e+01
1.937996792215608366e+01
1.775661437566607148e+01
1.630501690723050601e+01
1.508349500403378762e+01
1.407259654200717058e+01
1.323567868259719837e+01
1.254001200765274682e+01
1.195473748277132842e+01
1.145714962677374515e+01
1.103169439648777761e+01
1.066375317227850772e+01
1.034293439174712681e+01
1.006129327758856640e+01
9.812746571682300356e+00
9.591343394121054189e+00
9.393702486490093762e+00
9.216047560243596948e+00
9.055846425904563901e+00
8.910264472086153020e+00
8.777977360134242346e+00
8.657258759473487331e+00
8.546351483981409203e+00
8.444580327995508284e+00
8.350691549121529889e+00
8.263844652397906998e+00
8.183506855005340697e+00
8.108781508522268311e+00
8.039394678462066679e+00
7.974456038989680806e+00
7.913983709454496918e+00
7.857374614931853074e+00
7.804203711618398209e+00
7.754342516354320480e+00
7.707415635676288623e+00
7.663280605781810806e+00
7.621564990651100047e+00
7.582216908322862103e+00
7.545118824906301924e+00
7.509880941947229438e+00
7.476574289183100852e+00
7.444960913625440213e+00
7.414951582874494740e+00
7.386461355678525464e+00
7.359334066686612275e+00
7.333529281308897474e+00
7.308975340684861877e+00
7.285550439371067277e+00
7.263211787774040751e+00
7.241904619911601060e+00
7.221537760046814469e+00
7.202067053177202638e+00
7.183455611350090031e+00
7.165649380286974512e+00
7.148590798579237848e+00
7.132267434851330634e+00
7.116613670889895715e+00
7.101599809235156435e+00
7.087224944699271667e+00
7.073413628328295566e+00
7.060150942865484502e+00
7.047418591935002752e+00
7.035195497453876179e+00
7.023445736064872769e+00
7.012140576742355691e+00
7.001275700949596725e+00
6.990832510821464396e+00
6.980799015868639934e+00
6.971118360213114151e+00
6.961793502064415939e+00
6.952830167155925167e+00
