7.306674728215685199e+00
9.774472192460724074e+00
1.466981871985148622e+01
9.838380454993282953e+00
4.093183213095850093e+00
1.699968748064567992e+00
2.657854563824998184e+00
4.689928381493944975e+00
7.074312161891025852e+00
1.022995368589093701e+01
1.373724383416915451e+01
1.749331193157860298e+01
2.024078521480117843e+01
2.090072168256033081e+01
1.990299778070142622e+01
1.829344929106431650e+01
1.669672919320085214e+01
1.531815165057594719e+01
1.417761030904955177e+01
1.324183824619737671e+01
1.247055318485373121e+01
1.183086831382110837e+01
1.129324258126312586e+01
1.083632478071903904e+01
1.044563059479519929e+01
1.010766956903277425e+01
9.812887270948614571e+00
9.553999248607329520e+00
9.325436527187846991e+00
9.121751099034865362e+00
8.939855358830273602e+00
8.776293738685717827e+00
8.628752935803143842e+00
8.494635362737048112e+00
8.372733733768217945e+00
8.261466839398874384e+00
8.159222221843187128e+00
8.065384782390545126e+00
7.978803003381544912e+00
7.898705912210426838e+00
7.824606352382624586e+00
7.755678881090807053e+00
7.691674138734208910e+00
7.631770764684046249e+00
7.575988647856994440e+00
7.523771556266290794e+00
7.474727516860690812e+00
7.428739474677552579e+00
7.385460874222355088e+00
7.344761117695636443e+00
7.306295785781262708e+00
7.270017949421196057e+00
7.235819634354859531e+00
7.203339563580090754e+00
7.172644700916548821e+00
7.143514629119341208e+00
7.115867123748173206e+00
7.089623875575744805e+00
7.064640195760931718e+00
7.040879048307560950e+00
7.018274263416701686e+00
6.996712931113695078e+00
6.976155657006831490e+00
6.956551860253044062e+00
6.937816996945281645e+00
6.919910291749246767e+00
6.902797706974673098e+00
6.886429182918638148e+00
6.870751359883891851e+00
6.855752941469847705e+00
6.841372991154656802e+00
6.827584060505553332e+00
6.814385555719356447e+00
6.801707304862109282e+00
6.789535598946004669e+00
6.777853567824589476e+00
6.766641732332507431e+00
6.755866742146336534e+00
6.745501946718108321e+00
6.735543480106764846e+00
6.725974136319423202e+00
6.716782874014519678e+00
6.707916728142197194e+00
6.699378599291418546e+00
6.691173974379398537e+00
