6.946374543967335669e+00
9.149973516905545168e+00
1.467493715257363185e+01
9.277101464518223040e+00
3.860055746412490052e+00
1.610201232922582770e+00
2.483960222909778359e+00
4.444742406454892603e+00
6.777174259474735507e+00
9.608007066415574116e+00
1.340686905929081796e+01
1.702548336173342136e+01
1.951145732672551958e+01
1.983179408714301672e+01
1.865104656665875282e+01
1.703015502774471557e+01
1.550301149428610614e+01
1.421479726390035836e+01
1.316123531573490446e+01
1.230200121798783286e+01
1.159606165379283560e+01
1.101156049006230830e+01
1.052073660675999278e+01
1.010375732009150873e+01
9.747254195873027882e+00
9.438858652645729208e+00
9.169832982133570454e+00
8.933529028213964551e+00
8.724870078373996307e+00
8.538891609098429925e+00
8.372784005701721100e+00
8.223399826666961232e+00
8.088634224662026639e+00
7.966119392863705073e+00
7.854758241185140655e+00
7.753109908413566842e+00
7.659703459736806330e+00
7.573980187385770613e+00
7.494889005769619139e+00
7.421726709589685278e+00
7.354049862759159062e+00
7.291103870658896646e+00
7.232662379959172050e+00
7.177973525887215267e+00
7.127057286386254020e+00
7.079404562442195292e+00
7.034656572484982995e+00
6.992706996190547919e+00
6.953238408329737830e+00
6.916131714693807275e+00
6.881071085647043617e+00
6.848014082634065858e+00
6.816862111833937199e+00
6.787283388543121632e+00
6.759340062964453999e+00
6.732829775618408341e+00
6.707677287885169370e+00
6.683810921889597800e+00
6.661097812865770074e+00
6.639504203612216493e+00
6.618969467292453501e+00
6.599389885035637171e+00
6.580729433601906209e+00
6.562941763574503540e+00
6.545949195779781959e+00
6.529714371162282482e+00
6.514206123351009126e+00
6.499378500771460843e+00
6.485182485799999341e+00
6.471607850494269343e+00
6.458598553732850966e+00
6.446129438731585282e+00
6.434200123183562603e+00
6.422746003681870874e+00
6.411754569992567099e+00
6.401210390955792029e+00
6.391095623120868652e+00
6.381379604376472336e+00
6.372037848106757885e+00
6.363066904360513476e+00
6.354451002338752374e+00
6.346180056406010017e+00
6.338205244943190486e+00
6.330529350774269481e+00
6.323157544081784209e+00
