-3.304256102213115831e+00
2.673310921318917011e+00
2.036054935909862085e+00
1.097881356508023210e+00
8.032232144301417742e-01
1.479571231105953011e+00
2.384640919887857979e+00
2.520073390412250980e+00
2.496214651853302158e+00
2.368986854415958021e+00
2.194087202491515676e+00
1.951089801159643367e+00
1.655498571448356104e+00
1.351961144627402245e+00
1.090944325887901911e+00
8.904710866100979949e-01
7.425353102094014446e-01
6.333075015692433141e-01
5.510336045674114613e-01
4.875085799756545546e-01
4.372670131478695321e-01
3.967796950832193081e-01
3.634382894511129503e-01
3.355141925171548634e-01
3.118829057138994276e-01
2.915842972061964966e-01
2.739575991505304731e-01
2.585246447259318958e-01
2.449148252834530970e-01
2.327866475223589748e-01
2.219441239773550234e-01
2.121732617016180988e-01
2.033429952565871945e-01
1.952912626824589992e-01
1.879489499231617178e-01
1.812202132104561159e-01
1.750157929478894925e-01
1.692977474570732943e-01
1.639974765953012281e-01
1.590700723453900844e-01
1.544930025832988996e-01
1.502136440646126836e-01
1.462213683717348833e-01
1.424695572725963866e-01
1.389556203420501956e-01
1.356528159176814963e-01
1.325351891566537987e-01
1.295979751032979022e-01
1.268207556111198009e-01
1.241962478473575965e-01
1.217060000116618884e-01
1.193457380382362959e-01
1.171104717842854082e-01
1.149795040376054150e-01
1.129561688987554963e-01
1.110272549601237085e-01
1.091886230182687045e-01
1.074360066151775900e-01
1.057605057223340861e-01
1.041611338579710166e-01
1.026327613041951026e-01
1.011696368342003133e-01
9.976903333335181145e-02
9.842759255334179724e-02
9.714083973846281139e-02
9.590704197687240085e-02
9.472277906583689844e-02
9.358499098349831735e-02
9.249089274400978944e-02
9.144182516048628140e-02
9.043143228478799089e-02
8.945802461960870866e-02
8.852333356252409247e-02
8.762217757085789815e-02
8.675308190635258598e-02
8.591571950702668603e-02
8.510888329948189390e-02
8.432977904534069702e-02
8.357757474439309053e-02
8.285215006027481233e-02
8.215127465914290328e-02
8.147523832533760946e-02
8.082060933442458683e-02
8.018654549691159317e-02
7.957493969624680752e-02
