-3.272158503494356552e+00
2.691266977835031327e+00
2.128176504976332151e+00
1.206133552019992061e+00
8.567368049916210815e-01
1.556703286181108092e+00
2.412971392791483538e+00
2.540259579124534817e+00
2.495695960265904567e+00
2.393845141675453370e+00
2.234823751192132946e+00
2.014560580974188220e+00
1.741234821549775491e+00
1.447402128097093232e+00
1.180641612645960459e+00
9.671239555079205186e-01
8.059014540651332492e-01
6.856571666981450264e-01
5.948045533687309483e-01
5.246746751876122383e-01
4.693071778476603506e-01
4.247932839758132850e-01
3.882271341168724299e-01
3.576767362379131843e-01
3.318815759674642041e-01
3.097709640885585869e-01
2.906079210386832146e-01
2.738591078412777047e-01
2.591123479649900530e-01
2.459903310050794156e-01
2.342748480683245760e-01
2.237303574467882916e-01
2.142114410179204176e-01
2.055410642162490142e-01
1.976421652105041782e-01
1.904099153271111011e-01
1.837470069702977216e-01
1.776112661420909955e-01
1.719282663940430167e-01
1.666490349419225137e-01
1.617484699484256216e-01
1.571699040309879059e-01
1.529011986380167665e-01
1.488923076074548102e-01
1.451398893412731983e-01
1.416150727334861692e-01
1.382899988787099910e-01
1.351591817973090970e-01
1.322007017800428952e-01
1.294065267537030106e-01
1.267568975047184965e-01
1.242470386762652007e-01
1.218714238684405898e-01
1.196080525064156935e-01
1.174602146343596137e-01
1.154138328007350001e-01
1.134643747989320939e-01
1.116071913175887970e-01
1.098327916337205057e-01
1.081399924888481884e-01
1.065232867115002841e-01
1.049765201102697970e-01
1.034967228315931825e-01
1.020802720026291049e-01
1.007223819570412099e-01
9.942114484334019231e-02
9.817289945583460020e-02
9.697436442333839945e-02
9.582255132019849853e-02
9.471878647187229050e-02
9.365636566103868743e-02
9.263346193901450532e-02
9.165182220854589668e-02
9.070598076687989841e-02
8.979434733072060026e-02
8.891653081372340173e-02
8.807122501636481526e-02
8.725547118047169426e-02
8.646835962766390160e-02
8.570972584721230081e-02
8.497720740185639443e-02
8.427107076127321461e-02
8.358770486656030840e-02
8.292620130234670817e-02
8.228850268821411018e-02
