-3.332859667893313116e+00
2.663099773394806746e+00
1.934441865245993597e+00
9.657677795013526190e-01
7.365653043377861087e-01
1.377109766038681293e+00
2.343333185210302094e+00
2.496604757306219557e+00
2.457387343414279890e+00
2.353672555791719745e+00
2.145527357189846995e+00
1.870127465318578430e+00
1.542840240299674814e+00
1.228822376256268445e+00
9.784523486630742894e-01
7.956822483518772859e-01
6.642757261897342946e-01
5.683077462396711743e-01
4.962632005055941931e-01
4.406272890406685017e-01
3.965507983196683295e-01
3.609518680153922521e-01
3.315658526914346815e-01
3.068973297798105460e-01
2.859771810622762089e-01
2.679725471672235737e-01
2.523106025963376964e-01
2.385771122062293192e-01
2.264498800404196877e-01
2.156295676160189245e-01
2.059462788285174872e-01
1.972116382190733097e-01
1.893116650213064189e-01
1.821023081072877803e-01
1.755239836284806232e-01
1.694917366424865124e-01
1.639261263481313902e-01
1.587943700903756694e-01
1.540350266477608643e-01
1.496082035021986667e-01
1.454945651797028838e-01
1.416465030559994065e-01
1.380552976398670972e-01
1.346786053820170914e-01
1.315148106407625084e-01
1.285398561553933172e-01
1.257301847248663007e-01
1.230819786851685971e-01
1.205767241767864983e-01
1.182081178440591018e-01
1.159593713835994910e-01
1.138268820358330075e-01
1.118063752322688009e-01
1.098788042189252079e-01
1.080476121224104025e-01
1.063006990040088057e-01
1.046344582536491985e-01
1.030451421178339017e-01
1.015246197331869105e-01
1.000721937184363836e-01
9.868324108704369657e-02
9.735254622636509148e-02
9.607772193796279558e-02
9.485577490653850086e-02
9.368264909485611580e-02
9.255686465832679843e-02
9.147533310202508872e-02
9.043530046870740247e-02
8.943426441857559028e-02
8.847362000356989720e-02
8.754746578198889517e-02
8.665431169205871365e-02
8.579590396822671383e-02
8.496743329836980996e-02
8.416759483348749959e-02
8.339616807842331614e-02
8.265209373729870412e-02
8.193280224670178302e-02
8.123758081234831729e-02
8.056638852869681122e-02
7.991717870462049234e-02
7.929029330930451036e-02
7.868253648332709793e-02
7.809316906642461975e-02
7.752404715315419637e-02
