-3.322292983518983611e+00
2.714063091816754092e+00
1.970878525539289328e+00
1.019890411028675503e+00
7.632725701857709932e-01
1.416558107372648756e+00
2.360708535871797409e+00
2.506399171967982564e+00
2.471187255505220115e+00
2.360145578094498653e+00
2.165209270797115337e+00
1.905559792355226323e+00
1.591568968623362279e+00
1.281639360688162643e+00
1.026342842906655894e+00
8.359234553432568493e-01
6.975232320956482601e-01
5.959848112547905252e-01
5.196464947653864908e-01
4.606920240147245327e-01
4.140130664119091586e-01
3.763420661711092130e-01
3.452722441648643503e-01
3.192118600002487039e-01
2.971276380762363223e-01
2.781339741740909144e-01
2.616215499893526086e-01
2.471495496802816050e-01
2.343756090838196027e-01
2.229827598985886783e-01
2.127901993093871125e-01
2.035987979454157992e-01
1.952873951234670169e-01
1.877043483341080121e-01
1.807860556712339861e-01
1.744429584335941141e-01
1.685914545693536215e-01
1.631965723131434121e-01
1.581938292491919806e-01
1.535411973836043886e-01
1.492179734128789015e-01
1.451744123184323110e-01
1.414009714174576104e-01
1.378534825307223821e-01
1.345299040511427069e-01
1.314050268990016868e-01
1.284542661237904060e-01
1.256733890631485107e-01
1.230430631404937913e-01
1.205565575284398977e-01
1.181963679979556037e-01
1.159585957212705964e-01
1.138386511936406165e-01
1.118167794962497963e-01
1.098963657276005867e-01
1.080648300742654000e-01
1.063183301894537885e-01
1.046528888081815906e-01
1.030600408418827080e-01
1.015389566814166866e-01
1.000847901385200911e-01
9.869209074135680548e-02
9.735831887157690712e-02
9.608031863942140260e-02
9.485384937528529292e-02
9.367731628520549469e-02
9.254748325488310057e-02
9.146145985888859409e-02
9.041661748300458545e-02
8.941432059475258598e-02
8.844847018633879288e-02
8.751748553581108203e-02
8.662309949223701011e-02
8.576034067650080417e-02
8.492782663170440893e-02
8.412528600712880500e-02
8.335159165614661192e-02
8.260407441301959031e-02
8.188196617262849530e-02
8.118518723914409929e-02
8.051160892238561073e-02
7.986154625598219925e-02
7.923170054067309176e-02
7.862128461410111679e-02
7.803216506852651835e-02
